0 0.746875 0.51328125 0.04375 0.33359375
0 0.82109375 0.428125 0.0328125 0.19453125
0 0.784375 0.43203125 0.028125 0.16796875
0 0.70078125 0.42890625 0.028125 0.2
0 0.5703125 0.6015625 0.0734375 0.515625
0 0.4828125 0.58359375 0.075 0.54140625
0 0.35859375 0.67109375 0.065625 0.53671875
0 0.2890625 0.58125 0.1078125 0.67421875
0 0.1875 0.6 0.0859375 0.60546875
0 0.4296875 0.4859375 0.05078125 0.39296875
0 0.8609375 0.44140625 0.03046875 0.18671875
0 0.88984375 0.4453125 0.0265625 0.18828125
0 0.82109375 0.428125 0.0328125 0.19453125
0 0.784375 0.43203125 0.028125 0.16796875
0 0.70078125 0.42890625 0.028125 0.2