0 0.1453125 0.590625 0.059375 0.27734375
0 0.73046875 0.571875 0.0734375 0.28984375
0 0.546875 0.57578125 0.06875 0.27265625
0 0.78046875 0.58984375 0.0734375 0.275
0 0.83359375 0.50546875 0.0703125 0.20234375
0 0.903125 0.51171875 0.071875 0.20234375
0 0.9625 0.521875 0.0625 0.23125
0 0.24453125 0.546875 0.0546875 0.27734375
0 0.19140625 0.553125 0.0671875 0.29765625
0 0.29609375 0.55859375 0.0609375 0.30390625
0 0.32578125 0.565625 0.0640625 0.29765625
0 0.3796875 0.575 0.071875 0.30859375
0 0.425 0.57265625 0.08125 0.32890625
0 0.50859375 0.571875 0.0734375 0.32734375
0 0.603125 0.58203125 0.084375 0.29375
0 0.68515625 0.56640625 0.0796875 0.325
0 0.73046875 0.571875 0.0734375 0.28984375
0 0.546875 0.57578125 0.06875 0.27265625
0 0.78046875 0.58984375 0.0734375 0.275
0 0.83359375 0.50546875 0.0703125 0.20234375
0 0.903125 0.51171875 0.071875 0.20234375
0 0.9625 0.521875 0.0625 0.23125
0 0.24453125 0.546875 0.0546875 0.27734375